---
claire_campaign_target:
  id: 1
  campaign_id: 1
  target_id: 1
  created_at: 2014-01-24 20:17:25.023149000 Z
  updated_at: 2014-01-24 20:17:25.023149000 Z
  script: Call that B...
