---
claire_campaign_target:
  id: 1
  campaign_id: 1
  target_id: 1
  created_at: 2013-12-14 23:09:06.214794000 Z
  updated_at: 2013-12-14 23:09:06.214794000 Z
  script: Call that B...
