---
gillians_membership:
  id: 1
  organization_id: 1
  member_id: 1
  created_at: 2014-01-15 02:05:03.339194000 Z
  updated_at: 2014-01-15 02:05:03.339194000 Z
