---
gillians_membership:
  id: 1
  organization_id: 1
  member_id: 1
  created_at: 2013-12-14 23:09:06.157277000 Z
  updated_at: 2013-12-14 23:09:06.157277000 Z
