---
gillians_membership:
  id: 1
  organization_id: 1
  member_id: 1
  created_at: 2013-12-02 21:57:16.452473000 Z
  updated_at: 2013-12-02 21:57:16.452473000 Z
