---
gillians_membership:
  id: 1
  organization_id: 1
  member_id: 1
  created_at: 2013-12-02 20:19:37.608019000 Z
  updated_at: 2013-12-02 20:19:37.608019000 Z
