---
gillians_membership:
  id: 1
  organization_id: 1
  member_id: 1
  created_at: 2013-11-19 18:16:18.620762000 Z
  updated_at: 2013-11-19 18:16:18.620762000 Z
