---
gillians_membership:
  id: 1
  organization_id: 1
  member_id: 1
  created_at: 2013-11-19 16:39:47.488792000 Z
  updated_at: 2013-11-19 16:39:47.488792000 Z
