---
gillians_membership:
  id: 1
  organization_id: 1
  member_id: 1
  created_at: 2013-11-19 19:03:30.671536000 Z
  updated_at: 2013-11-19 19:03:30.671536000 Z
