---
gillians_membership:
  id: 1
  organization_id: 1
  member_id: 1
  created_at: 2014-01-24 20:17:24.992260000 Z
  updated_at: 2014-01-24 20:17:24.992260000 Z
